1. [25x30, 난이도 4, 실행시간 0.11, 평균기록 23:29] https://logichome.org/g5/bbs/board.php?bo_table=logics_01&wr_id=1163367&sca=30%7B900%7D
row_hint=[[1],[1],[1],[3],[1,1],[5],[1,1,1],[5],[1,1],[5,1,1,1],[1,1,1,1],[3,1,1,1,3],[1,1,1,3,5],[3,1,4,3,2,1,1],[1,2,4,3,1,1],[3,1,2,3,1,2,1,1,1],[3,2,5],[3,2,9,3,1,1],[1,2,2,1,1,1],[3,1,13,1,1,1],[1,1,1,1,1,1,5],[3,1,9,1,1,1],[1,2,2,1,1,1],[3,1,13,1,1,1],[1,1,1,1,1,1,5],[3,17,1,1],[2,2,1,1],[2,2,1,1,3,1,1,3,1],[2,1,1,2,1],[12,12]]
,
col_hint=[[1,1,1,1,1,1,1,1,1,1,1],[1,1,1,1,1,1,1,1,1,1,1],[1,1,1,1,1,1,1,1,1,2],[1,3],[19,1],[2,2,1],[2,1,1,1,1],[2,2,2,1,1,1],[2,9,1],[1,1,1,1,1,1,1,1,1],[3,1,1,1,3,3,1],[3,9,1,1,1,1,1,3],[4,3,1,1,3,3,1],[3,8,1,1,1,1,1,3],[3,3,1,3,3,1],[2,1,1,1,1,1,1,1],[1,1,9,1],[2,2,2,2,1,1,1],[2,2,1,1,1,1],[1,1,2,1],[16,1],[2,1,1,1,3],[4,16],[2,1,1,1,1],[18]]

2. [30x30, 난이도 16, 실행시간 4.59, 평균기록 91:44] https://logichome.org/g5/bbs/board.php?bo_table=logics_01&wr_id=1158449&sca=30%7B900%7D
row_hint=[[3,3,2],[5,7],[5,6,1,3,1],[2,8,2],[9,2,3,1,1],[2,2,6,3,2],[1,2,9,1,2,3],[3,8,1,3,2],[2,2,10,4,4],[2,4,2,5,4],[3,3,1,9],[5,1,2,3,3,2],[4,6,4],[2,3,4,2,4],[7,6,2],[8,2,4],[12,3],[8,5,1,1,1],[6,3,4],[3,3,5,5,1],[4,3,5,3,],[2,4,1,8,1],[4,5,2,1],[2,4,1,3,2],[2],[7,1],[2],[4,1],[4],[3]]
,
col_hint=[[4],[1,4],[2,4],[3,1,1,4],[5,1,3],[3,2,4,2],[6,4,1,4],[4,5,1,7],[7,1,1,3,4,1],[6,4,1,4,2],[7,2,4,2,6],[8,1,4,1,1,1,4],[9,1,4,1,1,1,1,2],[3,4,7,1,1,1,1,1],[2,1,3,6,1,1],[3,1,1,2,8,1,1,1],[2,1,8,1],[4,2,2,1,1,6,1],[1,3,1,2,1,2,4],[1,1,3,2,2,1,5],[1,1,1,1,1,2,1,1,3],[1,1,2,2,1,4,],[1,1,2,2,3],[1,2,1,1,1,3,1],[1,2,2,1,3,1],[2,2,1,2,3,1],[1,2,2,1,2,1],[1,2,2,1,4],[1,2,2,2,1,2],[2,2,2,1,1,2,1]]

3. [55x50, 난이도 7, 실행시간 44.89, 평균기록 70:28] https://logichome.org/g5/bbs/board.php?bo_table=logics_01&wr_id=1082305&sca=BIG
row_hint=[[1,1],[2,1],[3,2],[3,2],[7],[8],[6,2],[10],[8,3],[8,2],[10,1],[7,4],[7],[8],[8],[9],[11],[13],[2,16],[3,27],[34],[33],[33],[35],[27,6,1],[28,3,2],[28,2,1],[30,2],[10,1,15,1],[9,4,13,2],[8,3,15],[8,3,13],[8,3,9],[7,3,4,4],[7,4,4,4],[7,4,3,4],[6,4,3,4],[6,4,3,3],[5,4,3,2],[5,3,3,2],[4,3,3,2],[2,1,1,3,2],[1,1,1,3,2],[1,1,1,1,1,2],[1,1,1,1,1,1,1],[1,1,1,1,1,1,2],[1,2,1,1,1,1,2],[1,1,1,1,2,2,1],[1,4,1,1,1,1],[4,5,4]]
,
col_hint=[[1,1],[9,1],[4,2],[4,1],[5],[6],[8],[11,7],[2,14,2,3],[3,14,8,1],[17,3,1,1],[15,3,2],[14,4],[13,4],[11,4],[10,5],[9,5],[9,4],[12],[9,1],[9,1],[9],[10],[10],[10],[11],[11],[12],[13],[14],[14],[15],[15],[31],[27,3],[9,21,1],[12,8,2,1],[14,4,1,1],[17,8,2],[20,16],[25,15,2],[24,10,2,3],[24,3,2,1],[16,3,2,1],[9,2],[11],[2,2,1],[3,1],[3,1],[1,1],[1,1],[1,1],[2],[0],[0]]

4. [30x30, 난이도 35, 실행시간 0.46, 평균기록 136:57] https://logichome.org/g5/bbs/board.php?bo_table=logics_01&wr_id=1140459&sca=30%7B900%7D
row_hint=[[0],[5,4],[3,2,3],[3,3],[2,1,1,3],[2,2,3],[2,2,1,3,2],[1,3,1,3,5,2],[2,3,6,7,1],[1,4,5,6,2],[1,3,4,4,1],[1,1,8,1],[1,3,4,10,2],[1,4,6,11,1],[1,5,6,4,5,1],[1,4,6,3,4,1],[1,16,4,1],[2,2,11,4,1],[3,13,4],[2,3,2,6,1,3],[2,4,2,4,2,2],[2,13,2,2],[2,1,15,2],[4,7,4,2],[1,6,3,2],[2,2,1,1],[1,1,2],[2,1],[2],[0]]
,
col_hint=[[3,4],[3,2],[2,6,2],[2,4,5,4],[2,4,11],[1,4,5,2],[2,1,3,3],[1,3,1,3,1,3],[2,1,3,4,6,1],[1,3,10,1],[1,12,3,2,1],[1,4,7,5,1],[2,3,8,4],[1,1,12],[1,4,3,5],[1,3,7,4],[1,1,4,9,4],[2,3,13],[1,3,4,7],[2,6,6],[1,6,3,1],[2,5,1,1],[1,5,3],[2,5,4],[1,9,3],[2,6,3],[2,6,1,1],[3,6,1],[4,7],[6,3]]

5. [30x30, 난이도 17, 실행시간 1.18, 평균기록 50:46] https://logichome.org/g5/bbs/board.php?bo_table=logics_01&wr_id=1144017&sca=30%7B900%7D
row_hint=[[5],[2,1,3],[4,6],[1,4,9],[29],[1,4,3,2,3,4],[2,2,2,2,2,2,3],[4,1,1,3,4,1,3],[6,3,1,2,2,1,2],[6,1,3,1,1,2],[6,2,2,1,1,2],[6,2,2,1,2],[4,2,2,1,2],[8,1,4,2,2],[10,1,2,1],[10,1,2,1],[1,1,1,2,1,1],[1,1,3,1,3,1],[2,2,1,1,1,1,3],[1,2,2,3,1,1,1],[2,4,1,1,2,1,1],[1,5,2,2,1],[2,2,2,5,1],[1,2,1,1,1,3,1],[3,1,2,1,1,1,1],[8,7,1,2],[3,1,1,2,3,3,3,3],[14,1,9,1,1],[3,1,1,1,3,1,6,6],[14,1,6,6]]
,
col_hint=[[2,1,2,1,1],[1,2,10],[3,6,6],[1,4,3,2,5],[4,9,2,2,1,1],[15,1,5],[15,1,3,1,1],[4,9,2,7],[1,4,3,2,1,1],[1,6,4],[1,3,2,2,1],[3,1,3],[2,2,5],[3,9],[1,2,6,2],[1,4,5,1,1,3,3],[1,2,2,6,2],[3,2,9],[2,2,2,5],[1,4,1,3],[1,2,2,1,3],[2,2,2,5,3],[3,2,2,2,2,4],[3,4,2,2,3],[5,2,2,4],[5,8,2,2,3],[1,4,2,3,2],[8,6,4],[14,1,2,2],[30]]

6. [30x30, 난이도 1, 실행시간 0.002, 평균기록 7:33] https://logichome.org/g5/bbs/board.php?bo_table=logics_01&wr_id=1119437&sca=30%7B900%7D&page=2
row_hint=[[30],[30],[30],[12,17],[7,2,18],[7,1,12,5],[6,8,2,6],[8,8,1,6],[9,6,7],[9,10,7],[21,6],[21,8],[30],[9,20],[4,2,21],[4,1,21],[3,22],[5,18,3],[6,12,2,4],[6,14,1,4],[16,3,5],[11,2,6,5],[11,1,7,4],[10,8,6],[12,15],[13,14],[13,16],[30],[30],[30]]
,
col_hint=[[30],[30],[30],[16,13],[14,13],[15,12],[6,8,10],[4,7,1,11],[5,6,2,11],[5,3,16],[4,1,14,6],[4,2,12,6],[3,18,5],[22,3],[21,1,4],[21,2,4],[20,9],[30],[8,21],[6,21],[7,10,9],[7,6,9],[6,1,8,8],[6,2,8,6],[5,12,1,7],[18,2,7],[17,12],[30],[30],[30]]

7. [30x30, 난이도 9, 실행시간 0.07, 평균기록 24:37] https://logichome.org/g5/bbs/board.php?bo_table=logics_01&wr_id=1099594&sca=30%7B900%7D&page=2
row_hint=[[0],[1],[2],[2,5,1],[11],[13],[13],[12,1],[11,5],[12,1,1],[8,1,1],[10,2],[11,2],[12,2],[12,2],[13,2],[14,1],[12,1,3],[13,3,1],[14,2],[15,2],[14,3],[14,1],[12,1],[13,1],[12,1],[10,2],[9,2],[6,2],[10]]
,
col_hint=[[0],[0],[0],[1],[1,4,1],[1,2,8],[1,16],[2,17],[1,2,18],[2,21],[24],[25],[27],[27],[24,1],[23,1],[25,1],[8,9,1],[5,1,1],[5,4],[5,2,4,6,2],[2,2,2,1,1],[2,1,2,2,2],[1,2,1,2],[1,2,3],[5]]

8. [30x30, 난이도 18, 실행시간 0.29, 평균기록 20:50] https://logichome.org/g5/bbs/board.php?bo_table=logics_01&wr_id=1098560&sca=30%7B900%7D&page=2
row_hint=[[1],[3],[1,1],[2,2],[1,1],[2,2],[1,1],[2,2],[1,2],[2,2],[1,1,2],[2,1,1],[1,1,1],[2,2],[1,1,2,3],[2,1,2,2],[1,2,1,3],[1,1,2,1,3],[1,2,1,7],[1,4,2,6],[19,3],[1,3],[3,6],[1,1,6],[3,3],[4,1,3],[29],[27],[0],[2,12,11]]
,
col_hint=[[1,1],[2,2,1],[1,1,2],[2,1,3],[3,1,2,1],[3,1,2,1],[3,1,2,1],[3,1,2,1],[3,1,2,1],[3,1,2,1],[3,1,2,1],[2,2,2,2,1],[3,3,3,2,2,1],[3,4,3,2,1],[6,10,4,1],[9,1,3,2,1],[1,2],[3,3,1],[1,2,4,1],[1,1,5,1],[3,3,2,1],[1,1,2,2,2,1],[6,2,2,1],[10,2,1],[7,2,1],[5,2,1],[2,1],[2,1],[2],[2]]
