Row:
4 3 2 4 2 2 1
4 3 4 2 3 2 3 2
8 7 12 4
9 3 1 4 2 2 1 3
8 21 5 1
15 7 3 1 1 1 3
4 6 5 4 8 2 1
16 1 2 2 2 1 2
11 3 2 2 3 1 1 2
8 8 1 3 3 3
16 1 3 5 1 1 1
3 3 10 5 1 2 2 1 1
7 5 3 1 1 3 1 7
10 3 4 5 1 3 4
5 17 1 7
1 3 8 1 1 3 2 1 1 3
3 6 5 9 3 1
3 2 1 1 8 5 1
6 3 9 2 4 2 4 1
1 1 4 3 3 5 3 2
4 8 1 1 2 2 2 2 3
1 1 3 5 1 1 4 1 4
2 3 1 1 5 4 3
2 2 1 1 2 4 1 1 4 8
8 1 1 1 1 1 1 4 5
7 1 4 2 5 5 1 1
1 5 4 4 2 4 1
3 1 3 1 2 2 8 1
1 1 2 4 5 2
2 3 5 1 1 3
3 1 2 1 1 3 1
1 4 6 3 5
2 1 2 3 1
3 2 1
1
1
1
0
0
0
Col:
2 16 2 3 4
15 3 1 1 4 1
22 2 1 2
11 4 1 1 4 1
4 10 2 6 3
14 3 1 3 1
18 2 7
11 4 1 2 2 7
2 4 13 2 1 5
2 13 3 3 1 4
13 2 3 3 1
5 1 8 4 4 1 1
18 3 3 5
1 8 4 2 6 1 2
11 1 1 6 8
2 1 2 4 6 2 2
6 2 4 2 2 1 1 2
3 2 2 7 1 4
1 5 3 5 5
1 5 1 7 2 1
3 5 2 4 2
9 11
5 3 2 4
1 1 3 2 2 4 1
1 1 2 2 4 2 1 1
3 2 5 4 4 3 1
6 3 2 2 1 2 1
9 2 2 3 9
3 1 6 4 4 3
3 1 1 2 2 8 3
1 5 5 3 7
2 3 2 1 1 2 3
2 2 2 5 6 1 1
1 2 1 2 1 1 4
4 1 1 1 3
1 2 1 2 2
1 1 1 3 3 2
6 2 2 8
4 1 3 3 3
9 6
